id: 0
T_world_origin: 
 0.0622511  -0.995502  0.0714181  -0.140298
  0.966533  0.0779733   0.244404    4.15403
 -0.248874  0.0538135    0.96704 -0.0123595
         0          0          0          1
T_origin_endpoint_L: 
 0.119535  0.959028 -0.256857  -4.00967
-0.978454 0.0699277 -0.194261  -0.46349
 -0.16834  0.274544  0.946724 -0.993195
        0         0         0         1
T_origin_endpoint_R: 
0.00129715  -0.973313  -0.229478   -4.09033
  0.951648 -0.0692916   0.299274  0.0335697
 -0.307188  -0.218771   0.926161    -1.0248
         0          0          0          1
T_lidar_imu: 
     1      0      0  0.006
     0      1      0 -0.012
     0      0      1  0.008
     0      0      0      1
imu_bias:   -0.0359404   -0.0439438   -0.0430265   0.00819953 -0.000597203  -0.00843303
frame_id: 2
num_frames: 858
frame_0
id: 0
stamp: 1731049894.697221518
T_odom_lidar: 
   0.969472  0.00969477     0.24501 -0.00709079
-0.00190142    0.999485  -0.0320248   0.0119324
  -0.245195   0.0305813    0.968991 -0.00577298
          0           0           0           1
T_world_lidar: 
   0.969472  0.00969477     0.24501 -0.00709079
-0.00190142    0.999485  -0.0320248   0.0119324
  -0.245195   0.0305813    0.968991 -0.00577298
          0           0           0           1
v_world_imu: 0.00401211 0.00457235  0.0102475
frame_1
id: 1
stamp: 1731049894.797275066
T_odom_lidar: 
   0.969491  0.00944244    0.244946 -0.00679225
-0.00174575    0.999498  -0.0316201   0.0120855
  -0.245122   0.0302277    0.969021 -0.00507265
          0           0           0           1
T_world_lidar: 
   0.969491  0.00944244    0.244946 -0.00679225
-0.00174575    0.999498  -0.0316201   0.0120855
  -0.245122   0.0302277    0.969021 -0.00507265
          0           0           0           1
v_world_imu: -0.000300328    0.0037156 -6.39752e-05
frame_2
id: 2
stamp: 1731049894.897226095
T_odom_lidar: 
   0.969476   0.0093055    0.245009 -0.00694631
-0.00155528    0.999493  -0.0318069   0.0122368
  -0.245181   0.0304549    0.968999 -0.00567974
          0           0           0           1
T_world_lidar: 
   0.969476   0.0093055    0.245009 -0.00694631
-0.00155528    0.999493  -0.0318069   0.0122368
  -0.245181   0.0304549    0.968999 -0.00567974
          0           0           0           1
v_world_imu: -0.000371831   0.00445291  0.000173234
frame_3
id: 3
stamp: 1731049894.997195721
T_odom_lidar: 
   0.969466  0.00900901     0.24506 -0.00682873
-0.00125663    0.999494  -0.0317726   0.0122855
  -0.245222   0.0304945    0.968987 -0.00516952
          0           0           0           1
T_world_lidar: 
   0.969466  0.00900901     0.24506 -0.00682873
-0.00125663    0.999494  -0.0317726   0.0122855
  -0.245222   0.0304945    0.968987 -0.00516952
          0           0           0           1
v_world_imu:  0.000643623   0.00178857 -0.000413428
frame_4
id: 4
stamp: 1731049895.097165346
T_odom_lidar: 
   0.969434  0.00906836    0.245185 -0.00705112
 -0.0013487    0.999499  -0.0316346   0.0122406
  -0.245349   0.0303369     0.96896 -0.00565539
          0           0           0           1
T_world_lidar: 
   0.969434  0.00906836    0.245185 -0.00705112
 -0.0013487    0.999499  -0.0316346   0.0122406
  -0.245349   0.0303369     0.96896 -0.00565539
          0           0           0           1
v_world_imu:  0.000308089 -0.000789375  -0.00201583
frame_5
id: 5
stamp: 1731049895.197264194
T_odom_lidar: 
   0.969403  0.00923492    0.245303 -0.00703127
-0.00146356    0.999492  -0.0318441   0.0123138
  -0.245472   0.0305107    0.968923 -0.00522171
          0           0           0           1
T_world_lidar: 
   0.969403  0.00923492    0.245303 -0.00703127
-0.00146356    0.999492  -0.0318441   0.0123138
  -0.245472   0.0305107    0.968923 -0.00522171
          0           0           0           1
v_world_imu:   0.00207731  -0.00334807 -0.000291474
frame_6
id: 6
stamp: 1731049895.297203064
T_odom_lidar: 
   0.969452  0.00933497    0.245102 -0.00695041
-0.00155607    0.999489  -0.0319119   0.0122288
  -0.245275   0.0305557    0.968972 -0.00562444
          0           0           0           1
T_world_lidar: 
   0.969452  0.00933497    0.245102 -0.00695041
-0.00155607    0.999489  -0.0319119   0.0122288
  -0.245275   0.0305557    0.968972 -0.00562444
          0           0           0           1
v_world_imu: -0.000990959  -0.00240914  -0.00179563
frame_7
id: 7
stamp: 1731049895.397148848
T_odom_lidar: 
   0.969453  0.00950205    0.245093  -0.0071677
-0.00172726    0.999489  -0.0319173   0.0123295
  -0.245271    0.030519    0.968974 -0.00544873
          0           0           0           1
T_world_lidar: 
   0.969453  0.00950205    0.245093  -0.0071677
-0.00172726    0.999489  -0.0319173   0.0123295
  -0.245271    0.030519    0.968974 -0.00544873
          0           0           0           1
v_world_imu: 0.000792362 -0.00300484 -0.00154342
frame_8
id: 8
stamp: 1731049895.497341633
T_odom_lidar: 
   0.969505  0.00958389    0.244885  -0.0070674
-0.00180313    0.999487  -0.0319776   0.0122607
  -0.245066   0.0305608    0.969025 -0.00557702
          0           0           0           1
T_world_lidar: 
   0.969505  0.00958389    0.244885  -0.0070674
-0.00180313    0.999487  -0.0319776   0.0122607
  -0.245066   0.0305608    0.969025 -0.00557702
          0           0           0           1
v_world_imu:  0.00108917 9.21893e-05 -0.00181932
frame_9
id: 9
stamp: 1731049895.597271919
T_odom_lidar: 
   0.969468  0.00945411    0.245035 -0.00710645
-0.00164926    0.999485  -0.0320376   0.0124266
  -0.245212   0.0306553    0.968985 -0.00545279
          0           0           0           1
T_world_lidar: 
   0.969468  0.00945411    0.245035 -0.00710645
-0.00164926    0.999485  -0.0320376   0.0124266
  -0.245212   0.0306553    0.968985 -0.00545279
          0           0           0           1
v_world_imu: 0.000250383  0.00391946 0.000881325
frame_10
id: 10
stamp: 1731049895.697257042
T_odom_lidar: 
   0.969453  0.00924087    0.245103 -0.00695209
-0.00146608     0.99949   -0.031884   0.0123497
  -0.245272   0.0305507    0.968973 -0.00549258
          0           0           0           1
T_world_lidar: 
   0.969453  0.00924087    0.245103 -0.00695209
-0.00146608     0.99949   -0.031884   0.0123497
  -0.245272   0.0305507    0.968973 -0.00549258
          0           0           0           1
v_world_imu: -0.00174043  0.00209297  0.00043383
frame_11
id: 11
stamp: 1731049895.797291279
T_odom_lidar: 
    0.96946  0.00906034    0.245081 -0.00719569
-0.00126767    0.999489  -0.0319354    0.012333
  -0.245245   0.0306494    0.968977 -0.00545791
          0           0           0           1
T_world_lidar: 
    0.96946  0.00906034    0.245081 -0.00719569
-0.00126767    0.999489  -0.0319354    0.012333
  -0.245245   0.0306494    0.968977 -0.00545791
          0           0           0           1
v_world_imu: 0.000144291  0.00505063 -0.00111975
frame_12
id: 12
stamp: 1731049895.897292137
T_odom_lidar: 
   0.969471  0.00927419    0.245033 -0.00696265
-0.00142457    0.999481  -0.0321928   0.0125574
  -0.245204   0.0308609     0.96898 -0.00555527
          0           0           0           1
T_world_lidar: 
   0.969471  0.00927419    0.245033 -0.00696265
-0.00142457    0.999481  -0.0321928   0.0125574
  -0.245204   0.0308609     0.96898 -0.00555527
          0           0           0           1
v_world_imu: 0.00431206 0.00271738 0.00157857
frame_13
id: 13
stamp: 1731049895.997170687
T_odom_lidar: 
   0.969021   0.0115706    0.246707 -0.00721619
 -0.0036966     0.99947  -0.0323556   0.0133302
  -0.246951   0.0304413     0.96855 -0.00686256
          0           0           0           1
T_world_lidar: 
   0.969021   0.0115706    0.246707 -0.00721619
 -0.0036966     0.99947  -0.0323556   0.0133302
  -0.246951   0.0304413     0.96855 -0.00686256
          0           0           0           1
v_world_imu: -0.00550515   0.0367202   0.0116654
frame_14
id: 14
stamp: 1731049896.097200155
T_odom_lidar: 
   0.968172  0.00814807    0.250154 -0.00607735
-0.00146541    0.999637  -0.0268888    0.017609
  -0.250282   0.0256664    0.967833 -0.00787155
          0           0           0           1
T_world_lidar: 
   0.968172  0.00814807    0.250154 -0.00607735
-0.00146541    0.999637  -0.0268888    0.017609
  -0.250282   0.0256664    0.967833 -0.00787155
          0           0           0           1
v_world_imu:  0.0406311  0.0379128 -0.0106925
frame_15
id: 15
stamp: 1731049896.197286606
T_odom_lidar: 
   0.968025   0.0147851    0.250419  0.00176085
-0.00783074    0.999556  -0.0287446   0.0176083
  -0.250733   0.0258645    0.967711 -0.00339852
          0           0           0           1
T_world_lidar: 
   0.968025   0.0147851    0.250419  0.00176085
-0.00783074    0.999556  -0.0287446   0.0176083
  -0.250733   0.0258645    0.967711 -0.00339852
          0           0           0           1
v_world_imu:   0.110893 -0.0308578  0.0425881
frame_16
id: 16
stamp: 1731049896.297117472
T_odom_lidar: 
   0.969066   0.0253039    0.245503   0.0168952
 -0.0197886    0.999494  -0.0249066   0.0178352
  -0.246009    0.019278    0.969076 -0.00330257
          0           0           0           1
T_world_lidar: 
   0.969066   0.0253039    0.245503   0.0168952
 -0.0197886    0.999494  -0.0249066   0.0178352
  -0.246009    0.019278    0.969076 -0.00330257
          0           0           0           1
v_world_imu:   0.189928 0.00287552 0.00154632
frame_17
id: 17
stamp: 1731049896.397137165
T_odom_lidar: 
   0.970037   0.0325181    0.240771   0.0401622
 -0.0287253    0.999402  -0.0192466   0.0194997
  -0.241253   0.0117537    0.970391 -0.00487415
          0           0           0           1
T_world_lidar: 
   0.970037   0.0325181    0.240771   0.0401622
 -0.0287253    0.999402  -0.0192466   0.0194997
  -0.241253   0.0117537    0.970391 -0.00487415
          0           0           0           1
v_world_imu:   0.282004  0.0317127 -0.0204191
frame_18
id: 18
stamp: 1731049896.497284889
T_odom_lidar: 
   0.968918   0.0226204    0.246345   0.0706869
 -0.0192822    0.999687   -0.015955   0.0241111
  -0.246628    0.010709    0.969051 -0.00467863
          0           0           0           1
T_world_lidar: 
   0.968918   0.0226204    0.246345   0.0706869
 -0.0192822    0.999687   -0.015955   0.0241111
  -0.246628    0.010709    0.969051 -0.00467863
          0           0           0           1
v_world_imu:   0.345326  0.0185222 -0.0365078
frame_19
id: 19
stamp: 1731049896.597243786
T_odom_lidar: 
  0.968144  0.0161427   0.249872   0.108279
 -0.013134    0.99982 -0.0137038  0.0270068
 -0.250048  0.0099854   0.968182 -0.0078495
         0          0          0          1
T_world_lidar: 
  0.968144  0.0161427   0.249872   0.108279
 -0.013134    0.99982 -0.0137038  0.0270068
 -0.250048  0.0099854   0.968182 -0.0078495
         0          0          0          1
v_world_imu:   0.421803   0.017531 -0.0773286
frame_20
id: 20
stamp: 1731049896.697179794
T_odom_lidar: 
   0.967583   0.0276708    0.251031    0.153976
 -0.0240488    0.999558  -0.0174851    0.023696
  -0.251404   0.0108812    0.967821 -0.00754004
          0           0           0           1
T_world_lidar: 
   0.967583   0.0276708    0.251031    0.153976
 -0.0240488    0.999558  -0.0174851    0.023696
  -0.251404   0.0108812    0.967821 -0.00754004
          0           0           0           1
v_world_imu:   0.455051 -0.0484458  0.0172415
frame_21
id: 21
stamp: 1731049896.797283888
T_odom_lidar: 
   0.966477   0.0352269    0.254325    0.202097
 -0.0315751    0.999331  -0.0184284   0.0219926
  -0.254804  0.00978029    0.966943 -0.00972112
          0           0           0           1
T_world_lidar: 
   0.966477   0.0352269    0.254325    0.202097
 -0.0315751    0.999331  -0.0184284   0.0219926
  -0.254804  0.00978029    0.966943 -0.00972112
          0           0           0           1
v_world_imu:    0.49078 -0.0230419 -0.0565998
frame_22
id: 22
stamp: 1731049896.897144079
T_odom_lidar: 
   0.96489  0.0233513   0.261615   0.254482
-0.0194592   0.999658 -0.0174582  0.0186849
 -0.261933  0.0117544   0.965014  -0.015708
         0          0          0          1
T_world_lidar: 
   0.96489  0.0233513   0.261615   0.254482
-0.0194592   0.999658 -0.0174582  0.0186849
 -0.261933  0.0117544   0.965014  -0.015708
         0          0          0          1
v_world_imu:  0.530254 0.0312938  0.108453
frame_23
id: 23
stamp: 1731049896.997107983
T_odom_lidar: 
   0.968023  0.00221003     0.25085    0.304547
 0.00562701    0.999518  -0.0305204    0.015848
  -0.250797    0.030956    0.967545 -0.00951241
          0           0           0           1
T_world_lidar: 
   0.968023  0.00221003     0.25085    0.304547
 0.00562701    0.999518  -0.0305204    0.015848
  -0.250797    0.030956    0.967545 -0.00951241
          0           0           0           1
v_world_imu:    0.511337  -0.0476064 -0.00883808
frame_24
id: 24
stamp: 1731049897.097207308
T_odom_lidar: 
   0.96799 0.00164351   0.250983    0.35523
0.00713573   0.999394 -0.0340654  0.0132493
 -0.250887  0.0347659   0.967392 -0.0141191
         0          0          0          1
T_world_lidar: 
   0.96799 0.00164351   0.250983    0.35523
0.00713573   0.999394 -0.0340654  0.0132493
 -0.250887  0.0347659   0.967392 -0.0141191
         0          0          0          1
v_world_imu:    0.533248 -0.00473922  -0.0769268
frame_25
id: 25
stamp: 1731049897.197207212
T_odom_lidar: 
   0.970437   0.0254845    0.240006    0.407243
 -0.0184366    0.999332  -0.0315652   0.0117364
   -0.24065   0.0262071    0.970258 -0.00700548
          0           0           0           1
T_world_lidar: 
   0.970437   0.0254845    0.240006    0.407243
 -0.0184366    0.999332  -0.0315652   0.0117364
   -0.24065   0.0262071    0.970258 -0.00700548
          0           0           0           1
v_world_imu:  0.514175 0.0298237 0.0540388
frame_26
id: 26
stamp: 1731049897.297253847
T_odom_lidar: 
   0.970099   0.0318557    0.240611    0.458503
 -0.0274625     0.99939  -0.0215908   0.0151705
  -0.241152   0.0143375    0.970382 -0.00802837
          0           0           0           1
T_world_lidar: 
   0.970099   0.0318557    0.240611    0.458503
 -0.0274625     0.99939  -0.0215908   0.0151705
  -0.241152   0.0143375    0.970382 -0.00802837
          0           0           0           1
v_world_imu:   0.502946   0.030481 -0.0619263
frame_27
id: 27
stamp: 1731049897.397151947
T_odom_lidar: 
   0.96947   0.016646   0.244644   0.509464
 -0.013841   0.999817 -0.0131805  0.0183324
 -0.244819 0.00939201   0.969523 -0.0105158
         0          0          0          1
T_world_lidar: 
   0.96947   0.016646   0.244644   0.509464
 -0.013841   0.999817 -0.0131805  0.0183324
 -0.244819 0.00939201   0.969523 -0.0105158
         0          0          0          1
v_world_imu:  0.486605 0.0484348 0.0934036
frame_28
id: 28
stamp: 1731049897.497271061
T_odom_lidar: 
   0.970433  0.00282198    0.241353    0.559744
  0.0034702    0.999665  -0.0256414   0.0158464
  -0.241344   0.0257208    0.970099 -0.00809525
          0           0           0           1
T_world_lidar: 
   0.970433  0.00282198    0.241353    0.559744
  0.0034702    0.999665  -0.0256414   0.0158464
  -0.241344   0.0257208    0.970099 -0.00809525
          0           0           0           1
v_world_imu:   0.491029 -0.0182613 -0.0146101
frame_29
id: 29
stamp: 1731049897.597268820
T_odom_lidar: 
  0.970174 0.00647644   0.242322   0.610429
 0.0005977   0.999576 -0.0291083  0.0141717
 -0.242408  0.0283849   0.969759 -0.0137864
         0          0          0          1
T_world_lidar: 
  0.970174 0.00647644   0.242322   0.610429
 0.0005977   0.999576 -0.0291083  0.0141717
 -0.242408  0.0283849   0.969759 -0.0137864
         0          0          0          1
v_world_imu:   0.530539 -0.0461407 0.00225319
frame_30
id: 30
stamp: 1731049897.697241306
T_odom_lidar: 
   0.971774   0.0294067    0.234075     0.66129
 -0.0243354    0.999403  -0.0245246   0.0129047
  -0.234657    0.018136    0.971909 -0.00563418
          0           0           0           1
T_world_lidar: 
   0.971774   0.0294067    0.234075     0.66129
 -0.0243354    0.999403  -0.0245246   0.0129047
  -0.234657    0.018136    0.971909 -0.00563418
          0           0           0           1
v_world_imu:    0.506194   0.0360903 -0.00515302
frame_31
id: 31
stamp: 1731049897.797116280
T_odom_lidar: 
   0.970596     0.03296    0.238448    0.709902
 -0.0289974    0.999377  -0.0201082   0.0147605
  -0.238962   0.0126025    0.970947 -0.00972484
          0           0           0           1
T_world_lidar: 
   0.970596     0.03296    0.238448    0.709902
 -0.0289974    0.999377  -0.0201082   0.0147605
  -0.238962   0.0126025    0.970947 -0.00972484
          0           0           0           1
v_world_imu:    0.47758  0.0109968 -0.0582358
frame_32
id: 32
stamp: 1731049897.897145271
T_odom_lidar: 
   0.970988   0.0174892    0.238489    0.756839
 -0.0152156     0.99982  -0.0113712   0.0160766
  -0.238645   0.0074125    0.971079 -0.00798813
          0           0           0           1
T_world_lidar: 
   0.970988   0.0174892    0.238489    0.756839
 -0.0152156     0.99982  -0.0113712   0.0160766
  -0.238645   0.0074125    0.971079 -0.00798813
          0           0           0           1
v_world_imu:   0.444911 -0.0185571  0.0827324
frame_33
id: 33
stamp: 1731049897.997119665
T_odom_lidar: 
   0.971531  0.00924944    0.236732     0.80263
-0.00258352    0.999592  -0.0284528   0.0113142
  -0.236899   0.0270312    0.971158 -0.00610457
          0           0           0           1
T_world_lidar: 
   0.971531  0.00924944    0.236732     0.80263
-0.00258352    0.999592  -0.0284528   0.0113142
  -0.236899   0.0270312    0.971158 -0.00610457
          0           0           0           1
v_world_imu:   0.451342  -0.045996 -0.0153117
frame_34
id: 34
stamp: 1731049898.097216845
T_odom_lidar: 
   0.970443   0.0153608    0.240843    0.849363
-0.00761598    0.999425   -0.033055  0.00745962
  -0.241212   0.0302437    0.970001 -0.00778004
          0           0           0           1
T_world_lidar: 
   0.970443   0.0153608    0.240843    0.849363
-0.00761598    0.999425   -0.033055  0.00745962
  -0.241212   0.0302437    0.970001 -0.00778004
          0           0           0           1
v_world_imu:   0.469695 -0.0871663   0.138967
frame_35
id: 35
stamp: 1731049898.197147608
T_odom_lidar: 
   0.971363   0.0329198    0.235311    0.895302
 -0.0267701    0.999213   -0.029282  0.00530676
  -0.236089   0.0221441    0.971479 -0.00426056
          0           0           0           1
T_world_lidar: 
   0.971363   0.0329198    0.235311    0.895302
 -0.0267701    0.999213   -0.029282  0.00530676
  -0.236089   0.0221441    0.971479 -0.00426056
          0           0           0           1
v_world_imu:     0.45533 -0.00225306  -0.0198075
frame_36
id: 36
stamp: 1731049898.297240257
T_odom_lidar: 
   0.970495     0.03557    0.238482    0.940109
 -0.0302613    0.999207  -0.0258861  0.00426454
  -0.239214   0.0179056    0.970802 -0.00751366
          0           0           0           1
T_world_lidar: 
   0.970495     0.03557    0.238482    0.940109
 -0.0302613    0.999207  -0.0258861  0.00426454
  -0.239214   0.0179056    0.970802 -0.00751366
          0           0           0           1
v_world_imu:   0.454722 -0.0173677 -0.0620504
frame_37
id: 37
stamp: 1731049898.397383928
T_odom_lidar: 
   0.970925   0.0188888    0.238638     0.98394
 -0.0141837     0.99967  -0.0214186  0.00527849
  -0.238963    0.017411    0.970872 -0.00495462
          0           0           0           1
T_world_lidar: 
   0.970925   0.0188888    0.238638     0.98394
 -0.0141837     0.99967  -0.0214186  0.00527849
  -0.238963    0.017411    0.970872 -0.00495462
          0           0           0           1
v_world_imu:    0.442126  -0.0351881 -0.00417124
frame_38
id: 38
stamp: 1731049898.497214794
T_odom_lidar: 
   0.970758   0.0114102    0.239788     1.02696
-0.00464268    0.999575  -0.0287688  0.00284422
  -0.240015   0.0268143    0.970399 -0.00571391
          0           0           0           1
T_world_lidar: 
   0.970758   0.0114102    0.239788     1.02696
-0.00464268    0.999575  -0.0287688  0.00284422
  -0.240015   0.0268143    0.970399 -0.00571391
          0           0           0           1
v_world_imu:   0.427705 -0.0198322  -0.044611
frame_39
id: 39
stamp: 1731049898.597169876
T_odom_lidar: 
   0.969986    0.021344    0.242223     1.07197
 -0.0137381    0.999359  -0.0330461 0.000280983
  -0.242773   0.0287265    0.969658 -0.00555995
          0           0           0           1
T_world_lidar: 
   0.969986    0.021344    0.242223     1.07197
 -0.0137381    0.999359  -0.0330461 0.000280983
  -0.242773   0.0287265    0.969658 -0.00555995
          0           0           0           1
v_world_imu:   0.423563 -0.0405243   0.115193
frame_40
id: 40
stamp: 1731049898.697090149
T_odom_lidar: 
   0.970519   0.0334846    0.238687     1.11505
 -0.0288986    0.999325  -0.0226881  0.00152931
  -0.239286   0.0151215    0.970831 -0.00417754
          0           0           0           1
T_world_lidar: 
   0.970519   0.0334846    0.238687     1.11505
 -0.0288986    0.999325  -0.0226881  0.00152931
  -0.239286   0.0151215    0.970831 -0.00417754
          0           0           0           1
v_world_imu:   0.422904  0.0179245 -0.0183586
frame_41
id: 41
stamp: 1731049898.797371149
T_odom_lidar: 
   0.970295   0.0349329    0.239388     1.15792
 -0.0310794     0.99932  -0.0198546  0.00318837
  -0.239918   0.0118248    0.970721 -0.00921008
          0           0           0           1
T_world_lidar: 
   0.970295   0.0349329    0.239388     1.15792
 -0.0310794     0.99932  -0.0198546  0.00318837
  -0.239918   0.0118248    0.970721 -0.00921008
          0           0           0           1
v_world_imu:   0.445438  0.0056736 -0.0584497
frame_42
id: 42
stamp: 1731049898.897178888
T_odom_lidar: 
   0.970062    0.017057    0.242257     1.19903
 -0.0126098    0.999723  -0.0198963  0.00297908
  -0.242529   0.0162459    0.970008 -0.00584748
          0           0           0           1
T_world_lidar: 
   0.970062    0.017057    0.242257     1.19903
 -0.0126098    0.999723  -0.0198963  0.00297908
  -0.242529   0.0162459    0.970008 -0.00584748
          0           0           0           1
v_world_imu:    0.420912  -0.0499225 -0.00646805
frame_43
id: 43
stamp: 1731049898.997303247
T_odom_lidar: 
   0.970561   0.0111647    0.240595     1.23986
-0.00485165    0.999629  -0.0268157 0.000660939
  -0.240805    0.024859    0.970255 -0.00736185
          0           0           0           1
T_world_lidar: 
   0.970561   0.0111647    0.240595     1.23986
-0.00485165    0.999629  -0.0268157 0.000660939
  -0.240805    0.024859    0.970255 -0.00736185
          0           0           0           1
v_world_imu:   0.411492 -0.0134525 -0.0508392
frame_44
id: 44
stamp: 1731049899.097289324
T_odom_lidar: 
    0.970653     0.024862     0.239197      1.28195
  -0.0186057     0.999424   -0.0283783 -0.000745567
   -0.239765    0.0230951     0.970556  -0.00349433
           0            0            0            1
T_world_lidar: 
    0.970653     0.024862     0.239197      1.28195
  -0.0186057     0.999424   -0.0283783 -0.000745567
   -0.239765    0.0230951     0.970556  -0.00349433
           0            0            0            1
v_world_imu:    0.417638 -0.00122367   0.0535832
frame_45
id: 45
stamp: 1731049899.197177410
T_odom_lidar: 
   0.970442   0.0337094    0.238968     1.32496
 -0.0298188    0.999358  -0.0198786  0.00202367
  -0.239485   0.0121653    0.970824 -0.00377286
          0           0           0           1
T_world_lidar: 
   0.970442   0.0337094    0.238968     1.32496
 -0.0298188    0.999358  -0.0198786  0.00202367
  -0.239485   0.0121653    0.970824 -0.00377286
          0           0           0           1
v_world_imu:   0.413906  0.0136345 -0.0174614
frame_46
id: 46
stamp: 1731049899.297287464
T_odom_lidar: 
   0.969182   0.0313718     0.24434     1.36699
 -0.0270202    0.999411  -0.0211422  0.00216403
   -0.24486   0.0138885    0.969459 -0.00748691
          0           0           0           1
T_world_lidar: 
   0.969182   0.0313718     0.24434     1.36699
 -0.0270202    0.999411  -0.0211422  0.00216403
   -0.24486   0.0138885    0.969459 -0.00748691
          0           0           0           1
v_world_imu:    0.456461  -0.0345954 -0.00752973
frame_47
id: 47
stamp: 1731049899.397211313
T_odom_lidar: 
   0.970461   0.0153598     0.24077     1.40712
 -0.0114073    0.999776  -0.0178016  0.00135685
   -0.24099   0.0145292    0.970419 -0.00517415
          0           0           0           1
T_world_lidar: 
   0.970461   0.0153598     0.24077     1.40712
 -0.0114073    0.999776  -0.0178016  0.00135685
   -0.24099   0.0145292    0.970419 -0.00517415
          0           0           0           1
v_world_imu:   0.399725 -0.0258653 0.00334906
frame_48
id: 48
stamp: 1731049899.497148037
T_odom_lidar: 
   0.971076  0.00998854     0.23856      1.4469
-0.00592997    0.999825  -0.0177244 -0.00104687
  -0.238695   0.0157971    0.970966 -0.00647241
          0           0           0           1
T_world_lidar: 
   0.971076  0.00998854     0.23856      1.4469
-0.00592997    0.999825  -0.0177244 -0.00104687
  -0.238695   0.0157971    0.970966 -0.00647241
          0           0           0           1
v_world_imu:   0.408235 -0.0179779  -0.037383
frame_49
id: 49
stamp: 1731049899.597176790
T_odom_lidar: 
   0.971463   0.0247146    0.235899     1.48819
 -0.0205223    0.999585  -0.0202107  -0.0042726
  -0.236301   0.0147928    0.971567 -0.00257132
          0           0           0           1
T_world_lidar: 
   0.971463   0.0247146    0.235899     1.48819
 -0.0205223    0.999585  -0.0202107  -0.0042726
  -0.236301   0.0147928    0.971567 -0.00257132
          0           0           0           1
v_world_imu:     0.403175   0.00276093 -0.000800104
frame_50
id: 50
stamp: 1731049899.697254419
T_odom_lidar: 
   0.970583   0.0327535     0.23853     1.52817
 -0.0296711    0.999423  -0.0165025 -0.00402803
  -0.238933  0.00893966    0.970995 -0.00312914
          0           0           0           1
T_world_lidar: 
   0.970583   0.0327535     0.23853     1.52817
 -0.0296711    0.999423  -0.0165025 -0.00402803
  -0.238933  0.00893966    0.970995 -0.00312914
          0           0           0           1
v_world_imu:   0.386695 0.00387862 0.00392215
frame_51
id: 51
stamp: 1731049899.797132254
T_odom_lidar: 
   0.969792   0.0272749    0.242404      1.5681
 -0.0254294    0.999619  -0.0107396  -0.0038273
  -0.242605  0.00425099    0.970116 -0.00108367
          0           0           0           1
T_world_lidar: 
   0.969792   0.0272749    0.242404      1.5681
 -0.0254294    0.999619  -0.0107396  -0.0038273
  -0.242605  0.00425099    0.970116 -0.00108367
          0           0           0           1
v_world_imu:  0.368305 0.0803551 0.0643089
frame_52
id: 52
stamp: 1731049899.897269726
T_odom_lidar: 
   0.970725   0.0151964    0.239713     1.60646
 -0.0120511    0.999821  -0.0145814 -0.00356333
  -0.239891   0.0112657    0.970734 -0.00255041
          0           0           0           1
T_world_lidar: 
   0.970725   0.0151964    0.239713     1.60646
 -0.0120511    0.999821  -0.0145814 -0.00356333
  -0.239891   0.0112657    0.970734 -0.00255041
          0           0           0           1
v_world_imu:    0.383323 -0.00353077  -0.0114474
frame_53
id: 53
stamp: 1731049899.997249365
T_odom_lidar: 
   0.970971   0.0105862    0.238963      1.6455
-0.00772989    0.999887  -0.0128871 -0.00449892
  -0.239072   0.0106659    0.970943 -0.00677569
          0           0           0           1
T_world_lidar: 
   0.970971   0.0105862    0.238963      1.6455
-0.00772989    0.999887  -0.0128871 -0.00449892
  -0.239072   0.0106659    0.970943 -0.00677569
          0           0           0           1
v_world_imu:    0.421548 -0.00782848  -0.0497407
frame_54
id: 54
stamp: 1731049900.097213984
T_odom_lidar: 
    0.97046   0.0272108    0.239721     1.68609
 -0.0237382    0.999567  -0.0173621 -0.00754841
   -0.24009   0.0111587    0.970687 -0.00319566
          0           0           0           1
T_world_lidar: 
    0.97046   0.0272108    0.239721     1.68609
 -0.0237382    0.999567  -0.0173621 -0.00754841
   -0.24009   0.0111587    0.970687 -0.00319566
          0           0           0           1
v_world_imu:   0.403796 0.00700882  -0.033737
frame_55
id: 55
stamp: 1731049900.197344303
T_odom_lidar: 
   0.969792   0.0327603    0.241725     1.72516
 -0.0300498    0.999437  -0.0148926 -0.00726175
  -0.242077  0.00717894    0.970231 -0.00553586
          0           0           0           1
T_world_lidar: 
   0.969792   0.0327603    0.241725     1.72516
 -0.0300498    0.999437  -0.0148926 -0.00726175
  -0.242077  0.00717894    0.970231 -0.00553586
          0           0           0           1
v_world_imu:    0.393021 -0.00218991  -0.0502342
frame_56
id: 56
stamp: 1731049900.297217607
T_odom_lidar: 
    0.96901   0.0226028    0.245984      1.7652
 -0.0216618    0.999744 -0.00653085  -0.0062389
  -0.246069 0.000999998    0.969252 -0.00659401
          0           0           0           1
T_world_lidar: 
    0.96901   0.0226028    0.245984      1.7652
 -0.0216618    0.999744 -0.00653085  -0.0062389
  -0.246069 0.000999998    0.969252 -0.00659401
          0           0           0           1
v_world_imu:  0.376207 0.0280608 0.0466407
frame_57
id: 57
stamp: 1731049900.397178173
T_odom_lidar: 
   0.969515   0.0102569    0.244816     1.80473
 -0.0067689    0.999863  -0.0150845 -0.00746657
  -0.244938   0.0129675    0.969452 -0.00638561
          0           0           0           1
T_world_lidar: 
   0.969515   0.0102569    0.244816     1.80473
 -0.0067689    0.999863  -0.0150845 -0.00746657
  -0.244938   0.0129675    0.969452 -0.00638561
          0           0           0           1
v_world_imu:    0.391482 -0.00538266  -0.0128913
frame_58
id: 58
stamp: 1731049900.497068644
T_odom_lidar: 
   0.969423  0.00811013     0.24526     1.84575
 -0.0041996    0.999856  -0.0164632 -0.00913361
  -0.245358   0.0149299    0.969318 -0.00946267
          0           0           0           1
T_world_lidar: 
   0.969423  0.00811013     0.24526     1.84575
 -0.0041996    0.999856  -0.0164632 -0.00913361
  -0.245358   0.0149299    0.969318 -0.00946267
          0           0           0           1
v_world_imu:   0.425032 -0.0330154  0.0779002
frame_59
id: 59
stamp: 1731049900.597265959
T_odom_lidar: 
   0.968828   0.0241376    0.246554     1.88605
 -0.0205591    0.999643  -0.0170784  -0.0113998
  -0.246878   0.0114771    0.968979 -0.00604194
          0           0           0           1
T_world_lidar: 
   0.968828   0.0241376    0.246554     1.88605
 -0.0205591    0.999643  -0.0170784  -0.0113998
  -0.246878   0.0114771    0.968979 -0.00604194
          0           0           0           1
v_world_imu:   0.401202 0.00660017 -0.0178727
frame_60
id: 60
stamp: 1731049900.697169065
T_odom_lidar: 
   0.968036   0.0289511    0.249135     1.92591
 -0.0259723    0.999547  -0.0152361  -0.0113009
  -0.249463  0.00827843    0.968349 -0.00881324
          0           0           0           1
T_world_lidar: 
   0.968036   0.0289511    0.249135     1.92591
 -0.0259723    0.999547  -0.0152361  -0.0113009
  -0.249463  0.00827843    0.968349 -0.00881324
          0           0           0           1
v_world_imu:   0.413053 0.00895431 -0.0578069
frame_61
id: 61
stamp: 1731049900.797248125
T_odom_lidar: 
   0.968283   0.0174892    0.249243     1.96709
 -0.0163148    0.999844 -0.00677709 -0.00888101
  -0.249322  0.00249579    0.968417 -0.00862633
          0           0           0           1
T_world_lidar: 
   0.968283   0.0174892    0.249243     1.96709
 -0.0163148    0.999844 -0.00677709 -0.00888101
  -0.249322  0.00249579    0.968417 -0.00862633
          0           0           0           1
v_world_imu:   0.404029 -0.0179521   0.022075
frame_62
id: 62
stamp: 1731049900.897239923
T_odom_lidar: 
   0.966822  0.00955733    0.255272     2.00599
-0.00676604    0.999907  -0.0118105 -0.00953466
  -0.255361  0.00969146    0.966797 -0.00908284
          0           0           0           1
T_world_lidar: 
   0.966822  0.00955733    0.255272     2.00599
-0.00676604    0.999907  -0.0118105 -0.00953466
  -0.255361  0.00969146    0.966797 -0.00908284
          0           0           0           1
v_world_imu:   0.356175  0.0259376 -0.0483563
frame_63
id: 63
stamp: 1731049900.997182608
T_odom_lidar: 
    0.964588    0.0123905      0.26347      2.03628
  -0.0120707     0.999923  -0.00283271   -0.0035806
   -0.263485 -0.000447864     0.964663  -0.00945176
           0            0            0            1
T_world_lidar: 
    0.964588    0.0123905      0.26347      2.03628
  -0.0120707     0.999923  -0.00283271   -0.0035806
   -0.263485 -0.000447864     0.964663  -0.00945176
           0            0            0            1
v_world_imu:  0.232466 0.0475119  0.102609
frame_64
id: 64
stamp: 1731049901.097295046
T_odom_lidar: 
   0.967188   0.0263699     0.25269     2.05073
 -0.0304737    0.999459     0.01234 0.000674064
  -0.252228  -0.0196355    0.967469 -0.00596884
          0           0           0           1
T_world_lidar: 
   0.967188   0.0263699     0.25269     2.05073
 -0.0304737    0.999459     0.01234 0.000674064
  -0.252228  -0.0196355    0.967469 -0.00596884
          0           0           0           1
v_world_imu: 0.0769054 0.0191784 0.0137829
frame_65
id: 65
stamp: 1731049901.197350264
T_odom_lidar: 
   0.968236   0.0353187    0.247532     2.05243
 -0.0401747    0.999086   0.0145927 0.000855901
   -0.24679  -0.0240737     0.96877 -0.00580213
          0           0           0           1
T_world_lidar: 
   0.968236   0.0353187    0.247532     2.05243
 -0.0401747    0.999086   0.0145927 0.000855901
   -0.24679  -0.0240737     0.96877 -0.00580213
          0           0           0           1
v_world_imu:   -0.0458095  -0.00689412 -0.000212767
frame_66
id: 66
stamp: 1731049901.297249317
T_odom_lidar: 
       0.969    0.0288173     0.245373      2.04531
  -0.0293108     0.999569  -0.00164112 -0.000613054
   -0.245314  -0.00560182     0.969427  -0.00440062
           0            0            0            1
T_world_lidar: 
       0.969    0.0288173     0.245373      2.04531
  -0.0293108     0.999569  -0.00164112 -0.000613054
   -0.245314  -0.00560182     0.969427  -0.00440062
           0            0            0            1
v_world_imu: -0.0510792 -0.0467108 -0.0325516
frame_67
id: 67
stamp: 1731049901.397137880
T_odom_lidar: 
   0.971189   0.0176585    0.237656      2.0377
 -0.0148655    0.999798  -0.0135395 -0.00361988
  -0.237847   0.0096165    0.971255 -0.00426131
          0           0           0           1
T_world_lidar: 
   0.971189   0.0176585    0.237656      2.0377
 -0.0148655    0.999798  -0.0135395 -0.00361988
  -0.237847   0.0096165    0.971255 -0.00426131
          0           0           0           1
v_world_imu:   -0.10002 -0.0195006 -0.0262847
frame_68
id: 68
stamp: 1731049901.497171879
T_odom_lidar: 
    0.97104   0.0166012     0.23834     2.02737
  -0.011398    0.999666  -0.0231926 -0.00806864
  -0.238645   0.0198044    0.970905 -0.00158967
          0           0           0           1
T_world_lidar: 
    0.97104   0.0166012     0.23834     2.02737
  -0.011398    0.999666  -0.0231926 -0.00806864
  -0.238645   0.0198044    0.970905 -0.00158967
          0           0           0           1
v_world_imu:  -0.0571402   -0.074387 -0.00499401
frame_69
id: 69
stamp: 1731049901.597237825
T_odom_lidar: 
  0.969065  0.0237229   0.245662    2.02356
-0.0151479    0.99921  -0.036737 -0.0145249
  -0.24634  0.0318793   0.968659 -0.0028929
         0          0          0          1
T_world_lidar: 
  0.969065  0.0237229   0.245662    2.02356
-0.0151479    0.99921  -0.036737 -0.0145249
  -0.24634  0.0318793   0.968659 -0.0028929
         0          0          0          1
v_world_imu:   -0.0309573   -0.0605394 -0.000280665
frame_70
id: 70
stamp: 1731049901.697221518
T_odom_lidar: 
   0.968277   0.0347017    0.247458     2.02181
 -0.0262203    0.998953  -0.0374885   -0.019288
    -0.2485   0.0298109    0.968173 -0.00360248
          0           0           0           1
T_world_lidar: 
   0.968277   0.0347017    0.247458     2.02181
 -0.0262203    0.998953  -0.0374885   -0.019288
    -0.2485   0.0298109    0.968173 -0.00360248
          0           0           0           1
v_world_imu: -0.0282986 0.00201759  0.0848208
frame_71
id: 71
stamp: 1731049901.797351122
T_odom_lidar: 
    0.966916    0.0306013     0.253252      2.02118
  -0.0216288     0.999038   -0.0381383   -0.0195052
   -0.254175     0.031399     0.966648 -0.000577295
           0            0            0            1
T_world_lidar: 
    0.966916    0.0306013     0.253252      2.02118
  -0.0216288     0.999038   -0.0381383   -0.0195052
   -0.254175     0.031399     0.966648 -0.000577295
           0            0            0            1
v_world_imu: -0.00787262  -0.0011145  0.00978017
frame_72
id: 72
stamp: 1731049901.897264957
T_odom_lidar: 
    0.966854    0.0321365     0.253301      2.02132
  -0.0231427     0.998994   -0.0384074   -0.0195114
    -0.25428    0.0312723     0.966625 -0.000423826
           0            0            0            1
T_world_lidar: 
    0.966854    0.0321365     0.253301      2.02132
  -0.0231427     0.998994   -0.0384074   -0.0195114
    -0.25428    0.0312723     0.966625 -0.000423826
           0            0            0            1
v_world_imu:  0.00769091 -0.00452248  0.00231614
frame_73
id: 73
stamp: 1731049901.997221947
T_odom_lidar: 
   0.966746   0.0324135    0.253676     2.02237
 -0.0233633    0.998981   -0.038609  -0.0198299
  -0.254669   0.0313984    0.966518 -0.00033817
          0           0           0           1
T_world_lidar: 
   0.966746   0.0324135    0.253676     2.02237
 -0.0233633    0.998981   -0.038609  -0.0198299
  -0.254669   0.0313984    0.966518 -0.00033817
          0           0           0           1
v_world_imu:  0.00979801 -0.00519052 0.000579101
frame_74
id: 74
stamp: 1731049902.097108364
T_odom_lidar: 
    0.966781    0.0328898     0.253479      2.02302
  -0.0238517     0.998968   -0.0386482   -0.0196755
   -0.254489    0.0313185     0.966568 -0.000220436
           0            0            0            1
T_world_lidar: 
    0.966781    0.0328898     0.253479      2.02302
  -0.0238517     0.998968   -0.0386482   -0.0196755
   -0.254489    0.0313185     0.966568 -0.000220436
           0            0            0            1
v_world_imu: 0.000779384  -0.0010025    0.002086
frame_75
id: 75
stamp: 1731049902.197309732
T_odom_lidar: 
    0.966754    0.0329049     0.253584      2.02298
  -0.0238361     0.998964   -0.0387533    -0.019819
   -0.254597    0.0314205     0.966537 -0.000361589
           0            0            0            1
T_world_lidar: 
    0.966754    0.0329049     0.253584      2.02298
  -0.0238361     0.998964   -0.0387533    -0.019819
   -0.254597    0.0314205     0.966537 -0.000361589
           0            0            0            1
v_world_imu: -0.00245398  -0.0023212 0.000405953
frame_76
id: 76
stamp: 1731049902.297354460
T_odom_lidar: 
    0.966784    0.0327543     0.253487      2.02306
  -0.0236901     0.998969   -0.0387288   -0.0197519
   -0.254495    0.0314372     0.966563 -0.000409868
           0            0            0            1
T_world_lidar: 
    0.966784    0.0327543     0.253487      2.02306
  -0.0236901     0.998969   -0.0387288   -0.0197519
   -0.254495    0.0314372     0.966563 -0.000409868
           0            0            0            1
v_world_imu:  0.000458818   0.00445817 -0.000183765
frame_77
id: 77
stamp: 1731049902.397302151
T_odom_lidar: 
    0.966814    0.0323911      0.25342      2.02358
