id: 0
T_world_origin: 
    0.968205   0.00481288     0.250111 -0.000397805
 -0.00524304     0.999986   0.00105363  -0.00201287
   -0.250102  -0.00233148     0.968217  -0.00136262
           0            0            0            1
T_origin_endpoint_L: 
           1 -0.000197181 -0.000184593  0.000163485
 0.000197056            1  -0.00067546  0.000286716
 0.000184726  0.000675424            1 -0.000177645
           0            0            0            1
T_origin_endpoint_R: 
           1 -0.000202496  6.54463e-05 -0.000106114
 0.000202503            1  -0.00010098  9.11216e-05
-6.54258e-05  0.000100994            1  0.000343428
           0            0            0            1
T_lidar_imu: 
     1      0      0  0.006
     0      1      0 -0.012
     0      0      1  0.008
     0      0      0      1
imu_bias:  0.000231396  2.75074e-05 -0.000808655   0.00208139  0.000109254  -0.00276351
frame_id: 2
num_frames: 25
frame_0
id: 0
stamp: 1728536228.281233788
T_odom_lidar: 
   0.968252   0.0047909    0.249929 -0.00803402
-0.00504579    0.999987  0.00037915   0.0102999
  -0.249924  -0.0016282    0.968264 -0.00784228
          0           0           0           1
T_world_lidar: 
   0.968252   0.0047909    0.249929 -0.00803402
-0.00504579    0.999987  0.00037915   0.0102999
  -0.249924  -0.0016282    0.968264 -0.00784228
          0           0           0           1
v_world_imu: -0.00282831 -0.00217326  0.00836687
frame_1
id: 1
stamp: 1728536228.381217718
T_odom_lidar: 
   0.968233  0.00450168    0.250009 -0.00810035
-0.00488679    0.999988 0.000919674   0.0103096
  -0.250001  -0.0021122    0.968243 -0.00737784
          0           0           0           1
T_world_lidar: 
   0.968233  0.00450168    0.250009 -0.00810035
-0.00488679    0.999988 0.000919674   0.0103096
  -0.250001  -0.0021122    0.968243 -0.00737784
          0           0           0           1
v_world_imu: -0.000800886 -0.000153461   0.00231679
frame_2
id: 2
stamp: 1728536228.481124640
T_odom_lidar: 
   0.968206  0.00455419    0.250114 -0.00802172
-0.00484435    0.999988 0.000544534    0.010396
  -0.250108 -0.00173886    0.968216 -0.00744108
          0           0           0           1
T_world_lidar: 
   0.968206  0.00455419    0.250114 -0.00802172
-0.00484435    0.999988 0.000544534    0.010396
  -0.250108 -0.00173886    0.968216 -0.00744108
          0           0           0           1
v_world_imu: -0.00167554  0.00176521  0.00284013
frame_3
id: 3
stamp: 1728536228.581229210
T_odom_lidar: 
   0.968212  0.00452691    0.250089 -0.00814919
-0.00486907    0.999988 0.000749481   0.0103219
  -0.250082 -0.00194335    0.968223 -0.00714307
          0           0           0           1
T_world_lidar: 
   0.968212  0.00452691    0.250089 -0.00814919
-0.00486907    0.999988 0.000749481   0.0103219
  -0.250082 -0.00194335    0.968223 -0.00714307
          0           0           0           1
v_world_imu: -0.00391336  0.00255172  0.00162095
frame_4
id: 4
stamp: 1728536228.681183338
T_odom_lidar: 
    0.96824  0.00445065    0.249982 -0.00839689
-0.00478796    0.999988 0.000741233   0.0103426
  -0.249976  -0.0019146     0.96825 -0.00738977
          0           0           0           1
T_world_lidar: 
    0.96824  0.00445065    0.249982 -0.00839689
-0.00478796    0.999988 0.000741233   0.0103426
  -0.249976  -0.0019146     0.96825 -0.00738977
          0           0           0           1
v_world_imu: -0.00189978  0.00232657  -0.0012401
frame_5
id: 5
stamp: 1728536228.781227589
T_odom_lidar: 
   0.968275  0.00433582    0.249848 -0.00853248
-0.00474269    0.999988  0.00102646   0.0102237
  -0.249841 -0.00217885    0.968285 -0.00735757
          0           0           0           1
T_world_lidar: 
   0.968275  0.00433582    0.249848 -0.00853248
-0.00474269    0.999988  0.00102646   0.0102237
  -0.249841 -0.00217885    0.968285 -0.00735757
          0           0           0           1
v_world_imu: -0.000830175   0.00151418   0.00208872
frame_6
id: 6
stamp: 1728536228.881139994
T_odom_lidar: 
   0.968254  0.00414518    0.249935 -0.00867711
-0.00455789    0.999989  0.00107251   0.0102527
  -0.249928 -0.00217764    0.968262 -0.00707119
          0           0           0           1
T_world_lidar: 
   0.968254  0.00414518    0.249935 -0.00867711
-0.00455789    0.999989  0.00107251   0.0102527
  -0.249928 -0.00217764    0.968262 -0.00707119
          0           0           0           1
v_world_imu:  0.00107379  0.00110218 -0.00068527
frame_7
id: 7
stamp: 1728536228.981096506
T_odom_lidar: 
   0.968199  0.00415717    0.250147 -0.00863698
-0.00461047    0.999989  0.00122619   0.0103463
  -0.250139 -0.00234049    0.968207 -0.00722518
          0           0           0           1
T_world_lidar: 
   0.968199  0.00415717    0.250147 -0.00863698
-0.00461047    0.999989  0.00122619   0.0103463
  -0.250139 -0.00234049    0.968207 -0.00722518
          0           0           0           1
v_world_imu:  0.00369077 -0.00284894 -0.00240884
frame_8
id: 8
stamp: 1728536229.081337452
T_odom_lidar: 
   0.968189  0.00432332    0.250184 -0.00847341
-0.00475602    0.999988  0.00112499   0.0103743
  -0.250176 -0.00227909    0.968198 -0.00733035
          0           0           0           1
T_world_lidar: 
   0.968189  0.00432332    0.250184 -0.00847341
-0.00475602    0.999988  0.00112499   0.0103743
  -0.250176 -0.00227909    0.968198 -0.00733035
          0           0           0           1
v_world_imu:  0.00218826  -0.0035321 -0.00301454
frame_9
id: 9
stamp: 1728536229.181333303
T_odom_lidar: 
   0.968164  0.00463527    0.250273 -0.00838915
-0.00503441    0.999987  0.00095464   0.0102401
  -0.250265 -0.00218422    0.968175 -0.00764252
          0           0           0           1
T_world_lidar: 
   0.968164  0.00463527    0.250273 -0.00838915
-0.00503441    0.999987  0.00095464   0.0102401
  -0.250265 -0.00218422    0.968175 -0.00764252
          0           0           0           1
v_world_imu:   0.00119963  -0.00516046 -0.000197059
frame_10
id: 10
stamp: 1728536229.281270742
T_odom_lidar: 
   0.968253  0.00472264    0.249929 -0.00819046
-0.00513603    0.999986  0.00100185   0.0100665
  -0.249921 -0.00225369    0.968264 -0.00744487
          0           0           0           1
T_world_lidar: 
   0.968253  0.00472264    0.249929 -0.00819046
-0.00513603    0.999986  0.00100185   0.0100665
  -0.249921 -0.00225369    0.968264 -0.00744487
          0           0           0           1
v_world_imu: 0.000879064 -0.00233313  0.00021606
frame_11
id: 11
stamp: 1728536229.381219387
T_odom_lidar: 
    0.96822  0.00478699    0.250055 -0.00816496
-0.00512647    0.999987 0.000706345   0.0101476
  -0.250048  -0.0019658    0.968231 -0.00769168
          0           0           0           1
T_world_lidar: 
    0.96822  0.00478699    0.250055 -0.00816496
-0.00512647    0.999987 0.000706345   0.0101476
  -0.250048  -0.0019658    0.968231 -0.00769168
          0           0           0           1
v_world_imu: -0.000695069  0.000660711  -0.00138288
frame_12
id: 12
stamp: 1728536229.481202364
T_odom_lidar: 
   0.968205  0.00481288    0.250111 -0.00815017
-0.00524304    0.999986  0.00105363     0.01001
  -0.250102 -0.00233148    0.968217 -0.00763572
          0           0           0           1
T_world_lidar: 
   0.968205  0.00481288    0.250111 -0.00815017
-0.00524304    0.999986  0.00105363     0.01001
  -0.250102 -0.00233148    0.968217 -0.00763572
          0           0           0           1
v_world_imu: -0.000419329   0.00227575  -0.00037311
frame_13
id: 13
stamp: 1728536229.581037045
T_odom_lidar: 
   0.968256  0.00435748    0.249923 -0.00815232
 -0.0047877    0.999988  0.00111349   0.0101117
  -0.249915  -0.0022747    0.968265 -0.00755183
          0           0           0           1
T_world_lidar: 
   0.968256  0.00435748    0.249923 -0.00815232
 -0.0047877    0.999988  0.00111349   0.0101117
  -0.249915  -0.0022747    0.968265 -0.00755183
          0           0           0           1
v_world_imu: 0.000714333   0.0048053  0.00239419
frame_14
id: 14
stamp: 1728536229.681211472
T_odom_lidar: 
   0.968226  0.00451122    0.250038 -0.00805336
   -0.00499    0.999987  0.00128094   0.0102666
  -0.250029 -0.00248793    0.968235 -0.00722051
          0           0           0           1
T_world_lidar: 
   0.968226  0.00451122    0.250038 -0.00805336
   -0.00499    0.999987  0.00128094   0.0102666
  -0.250029 -0.00248793    0.968235 -0.00722051
          0           0           0           1
v_world_imu: -0.00256016  0.00452663  0.00351703
frame_15
id: 15
stamp: 1728536229.781255722
T_odom_lidar: 
   0.968197  0.00440927    0.250149 -0.00842413
 -0.0048471    0.999988  0.00113428   0.0104237
  -0.250141  -0.0023107    0.968207 -0.00709729
          0           0           0           1
T_world_lidar: 
   0.968197  0.00440927    0.250149 -0.00842413
 -0.0048471    0.999988  0.00113428   0.0104237
  -0.250141  -0.0023107    0.968207 -0.00709729
          0           0           0           1
v_world_imu: -0.000347119   0.00244378 -0.000358663
frame_16
id: 16
stamp: 1728536229.881253958
T_odom_lidar: 
   0.968177  0.00435693    0.250227 -0.00823175
 -0.0048159    0.999988  0.00122198   0.0104547
  -0.250218 -0.00238817    0.968186 -0.00709336
          0           0           0           1
T_world_lidar: 
   0.968177  0.00435693    0.250227 -0.00823175
 -0.0048159    0.999988  0.00122198   0.0104547
  -0.250218 -0.00238817    0.968186 -0.00709336
          0           0           0           1
v_world_imu:   0.00410697 -0.000926462 -0.000867306
frame_17
id: 17
stamp: 1728536229.981779099
T_odom_lidar: 
   0.968192  0.00433788    0.250172 -0.00813207
-0.00471779    0.999988 0.000918947   0.0104091
  -0.250166 -0.00206998    0.968201 -0.00699419
          0           0           0           1
T_world_lidar: 
   0.968192  0.00433788    0.250172 -0.00813207
-0.00471779    0.999988 0.000918947   0.0104091
  -0.250166 -0.00206998    0.968201 -0.00699419
          0           0           0           1
v_world_imu:  0.000186302  -0.00307186 -0.000490493
frame_18
id: 18
stamp: 1728536230.081332922
T_odom_lidar: 
   0.968181   0.0047072    0.250205 -0.00830572
 -0.0051036    0.999987 0.000935522   0.0103863
  -0.250197  -0.0021827    0.968192  -0.0070981
          0           0           0           1
T_world_lidar: 
   0.968181   0.0047072    0.250205 -0.00830572
 -0.0051036    0.999987 0.000935522   0.0103863
  -0.250197  -0.0021827    0.968192  -0.0070981
          0           0           0           1
v_world_imu: -0.00135488 -0.00384212 8.89665e-05
frame_19
id: 19
stamp: 1728536230.181313992
T_odom_lidar: 
   0.968196  0.00466163    0.250151    -0.00832
-0.00504678    0.999987  0.00089827   0.0103259
  -0.250144 -0.00213216    0.968206 -0.00700245
          0           0           0           1
T_world_lidar: 
   0.968196  0.00466163    0.250151    -0.00832
-0.00504678    0.999987  0.00089827   0.0103259
  -0.250144 -0.00213216    0.968206 -0.00700245
          0           0           0           1
v_world_imu: -0.00166727 -0.00193019  0.00319573
frame_20
id: 20
stamp: 1728536230.281217813
T_odom_lidar: 
   0.968206  0.00501028    0.250104 -0.00845521
-0.00537268    0.999985 0.000766294   0.0104286
  -0.250096 -0.00208566    0.968219 -0.00678555
          0           0           0           1
T_world_lidar: 
   0.968206  0.00501028    0.250104 -0.00845521
-0.00537268    0.999985 0.000766294   0.0104286
  -0.250096 -0.00208566    0.968219 -0.00678555
          0           0           0           1
v_world_imu: -0.00363437 -0.00175125  0.00323392
frame_21
id: 21
stamp: 1728536230.381297827
T_odom_lidar: 
   0.968233   0.0047133    0.250007 -0.00849882
-0.00503297    0.999987 0.000639353   0.0103174
  -0.250001 -0.00187732    0.968244 -0.00682159
          0           0           0           1
T_world_lidar: 
   0.968233   0.0047133    0.250007 -0.00849882
-0.00503297    0.999987 0.000639353   0.0103174
  -0.250001 -0.00187732    0.968244 -0.00682159
          0           0           0           1
v_world_imu: 0.000530981  0.00213755 -3.0323e-05
frame_22
id: 22
stamp: 1728536230.481276035
T_odom_lidar: 
   0.968256  0.00475206    0.249914 -0.00826711
-0.00512635    0.999987 0.000846786   0.0103684
  -0.249907 -0.00210105    0.968268 -0.00677403
          0           0           0           1
T_world_lidar: 
   0.968256  0.00475206    0.249914 -0.00826711
-0.00512635    0.999987 0.000846786   0.0103684
  -0.249907 -0.00210105    0.968268 -0.00677403
          0           0           0           1
v_world_imu: -8.09275e-05    0.0038217 -0.000666976
frame_23
id: 23
stamp: 1728536230.581260681
T_odom_lidar: 
   0.968262  0.00439602    0.249899 -0.00823589
-0.00473694    0.999988 0.000762821   0.0102917
  -0.249893 -0.00192237    0.968272 -0.00707204
          0           0           0           1
T_world_lidar: 
   0.968262  0.00439602    0.249899 -0.00823589
-0.00473694    0.999988 0.000762821   0.0102917
  -0.249893 -0.00192237    0.968272 -0.00707204
          0           0           0           1
v_world_imu: 3.15295e-05  0.00143349 -0.00248248
frame_24
id: 24
stamp: 1728536230.681221485
T_odom_lidar: 
    0.96819  0.00464208    0.250174 -0.00816904
-0.00504061    0.999987 0.000952311   0.0101016
  -0.250166 -0.00218305      0.9682 -0.00727458
          0           0           0           1
T_world_lidar: 
    0.96819  0.00464208    0.250174 -0.00816904
-0.00504061    0.999987 0.000952311   0.0101016
  -0.250166 -0.00218305      0.9682 -0.00727458
          0           0           0           1
v_world_imu:  0.00261359 0.000940234 -0.00259745
